56 0.0638706 0.960709 0.0882675 0.0771199
56 0.207648 0.530519 0.0731908 0.121711
0 0.0169956 0.41758 0.0339912 0.0895468
0 0.188322 0.428545 0.066886 0.0822368
0 0.9767 0.561404 0.0455044 0.0840643
0 0.263843 0.477887 0.0534539 0.135599
0 0.075932 0.397113 0.0350877 0.104898
56 0.0575658 0.589181 0.114583 0.211257
0 0.380894 0.473684 0.0644189 0.130117
0 0.336623 0.468567 0.0773026 0.13962
1 0.753427 0.879203 0.241502 0.224781
0 0.34375 0.634868 0.524671 0.72807
0 0.70943 0.600877 0.578947 0.793129
