0 0.414917 0.598111 0.0456667 0.0857778
0 0.436167 0.568444 0.0448333 0.0686667
0 0.230375 0.595278 0.0615833 0.0954444
0 0.871917 0.683167 0.0718333 0.218111
0 0.527167 0.591833 0.0536667 0.112111
0 0.482333 0.5625 0.0328333 0.0676667
0 0.800458 0.693056 0.09075 0.231444
0 0.561208 0.594778 0.0595833 0.103778
0 0.765167 0.563333 0.0278333 0.0726667
0 0.746792 0.608833 0.0585833 0.107667
56 0.170625 0.693944 0.0625833 0.129889
25 0.671375 0.406611 0.437583 0.121667
56 0.582583 0.660333 0.0436667 0.0911111
56 0.237917 0.656389 0.0506667 0.0887778
0 0.360667 0.579444 0.0508333 0.132667
0 0.837208 0.611056 0.0559167 0.0927778
56 0.878542 0.736444 0.0795833 0.160889
0 0.988458 0.581889 0.02225 0.174444
0 0.823458 0.535167 0.0435833 0.0996667
56 0.204 0.635278 0.036 0.0834444
0 0.621083 0.571444 0.0388333 0.147556
25 0.673875 0.375722 0.09275 0.651889
25 0.122125 0.391111 0.08925 0.552444
56 0.544583 0.695333 0.0661667 0.141556
56 0.471542 0.727944 0.09675 0.181667
0 0.433375 0.693944 0.08675 0.195222
56 0.798 0.761111 0.0975 0.165111
56 0.368375 0.691333 0.0789167 0.138667
56 0.692375 0.797389 0.132583 0.280333
