0 0.136924 0.154057 0.116502 0.0983187
0 0.981497 0.234101 0.0359101 0.154605
0 0.0420779 0.121162 0.0836075 0.241594
0 0.0614035 0.0933845 0.110197 0.185307
67 0.530428 0.688414 0.0975877 0.104167
58 0.805373 0.203947 0.0422149 0.102339
0 0.619106 0.546966 0.278235 0.662646
0 0.142133 0.356177 0.186129 0.401681
58 0.931332 0.218019 0.0583882 0.103436
39 0.381031 0.501827 0.0455044 0.141813
58 0.706826 0.172332 0.0967654 0.159722
60 0.312911 0.742873 0.622533 0.512061
0 0.837993 0.210892 0.066886 0.211988
40 0.218202 0.539656 0.0701754 0.21674
40 0.347588 0.741411 0.0899123 0.273757
40 0.09608 0.656067 0.0940241 0.268275
40 0.45148 0.620431 0.0751096 0.22405
0 0.786184 0.662098 0.42489 0.670687
