60 0.389222 0.338125 0.172889 0.02375
56 0.0953333 0.335375 0.0633333 0.0744167
0 0.0330556 0.352958 0.0658889 0.220917
55 0.448778 0.787708 0.360222 0.18125
56 0.7475 0.355333 0.0663333 0.109333
0 0.570611 0.312583 0.101667 0.1345
0 0.652056 0.274625 0.0903333 0.08125
56 0.479833 0.392875 0.0925556 0.14175
56 0.394611 0.403125 0.0614444 0.0970833
41 0.115722 0.786167 0.104333 0.107167
56 0.853333 0.623083 0.206889 0.250833
56 0.0632778 0.439375 0.114778 0.186583
0 0.692611 0.521208 0.358111 0.440083
0 0.260667 0.435 0.331111 0.4775
60 0.498667 0.820333 0.994222 0.357667
