56 0.704792 0.124 0.0734167 0.118222
0 0.723583 0.300444 0.201167 0.350222
25 0.680083 0.0466111 0.190333 0.0927778
0 0.836167 0.540944 0.327667 0.577444
0 0.0732917 0.346222 0.03975 0.0724444
0 0.43375 0.189889 0.0355 0.0917778
0 0.410792 0.179222 0.0474167 0.122444
0 0.388458 0.188722 0.0579167 0.141444
0 0.116917 0.326111 0.073 0.137556
0 0.199083 0.275556 0.0773333 0.143556
0 0.8205 0.0771111 0.086 0.153778
0 0.57625 0.3865 0.168833 0.468556
0 0.166375 0.2935 0.0989167 0.156778
0 0.481542 0.716722 0.597917 0.565222
