56 0.526333 0.205 0.0635 0.163556
56 0.752708 0.122889 0.04375 0.0655556
0 0.29375 0.405389 0.127 0.345889
56 0.717875 0.493722 0.0835833 0.288778
56 0.502625 0.111944 0.0360833 0.0514444
56 0.701042 0.167833 0.0595833 0.0592222
67 0.396417 0.644944 0.0361667 0.134556
40 0.687875 0.9295 0.0749167 0.139444
40 0.776667 0.872167 0.0765 0.158111
41 0.35475 0.574444 0.0313333 0.0506667
0 0.439833 0.181722 0.0718333 0.244556
0 0.946583 0.147611 0.106167 0.251889
56 0.222917 0.404667 0.068 0.0586667
0 0.215583 0.687667 0.4295 0.623111
56 0.554917 0.275556 0.0541667 0.206889
56 0.859125 0.251444 0.11675 0.189111
56 0.114417 0.209611 0.228 0.419222
56 0.749917 0.324056 0.089 0.234556
41 0.545083 0.809778 0.0473333 0.0975556
40 0.426708 0.549 0.0505833 0.140222
40 0.459583 0.855333 0.063 0.155111
41 0.603 0.875556 0.0623333 0.156222
0 0.621958 0.3635 0.185583 0.481889
0 0.862958 0.488333 0.249417 0.540667
56 0.414333 0.373556 0.147333 0.232444
60 0.643083 0.732667 0.709 0.530889
