25 0.454167 0.26059 0.0763889 0.109375
33 0.610069 0.287674 0.149306 0.121181
33 0.300868 0.260243 0.121875 0.0947917
33 0.799653 0.758854 0.124306 0.0934028
0 0.932118 0.317535 0.105208 0.298264
0 0.69375 0.761632 0.114583 0.382986
0 0.609549 0.259201 0.135764 0.335069
33 0.312153 0.763368 0.124306 0.0947917
0 0.131076 0.283854 0.127431 0.410069
0 0.408507 0.178299 0.084375 0.293403
33 0.775174 0.258681 0.120486 0.0944444
0 0.439236 0.6875 0.10625 0.316667
0 0.92066 0.684722 0.126736 0.316667
0 0.214757 0.780903 0.187847 0.403472
