60 0.415844 0.452668 0.0707237 0.0515351
56 0.0600329 0.542763 0.0690789 0.0972222
0 0.947643 0.286367 0.0466009 0.0734649
25 0.919545 0.133224 0.159814 0.108553
56 0.957785 0.425439 0.0783991 0.116959
56 0.439556 0.534357 0.128564 0.0891813
0 0.0585252 0.289656 0.0638706 0.205775
0 0.843887 0.281981 0.0534539 0.0902778
0 0.979441 0.30318 0.0400219 0.0734649
60 0.134183 0.453034 0.11705 0.066886
1 0.784951 0.845029 0.239857 0.205409
56 0.853893 0.381762 0.0635965 0.101974
0 0.4142 0.322917 0.0635965 0.226243
56 0.910362 0.396016 0.0635965 0.109284
0 0.0461897 0.187865 0.0463268 0.113304
0 0.256168 0.53655 0.511239 0.920322
0 0.72903 0.540387 0.539748 0.914108
