56 0.232111 0.57625 0.0582222 0.130667
0 0.577 0.321083 0.0617778 0.0393333
0 0.658389 0.368208 0.124111 0.171917
43 0.255722 0.694583 0.150333 0.0586667
42 0.160389 0.746 0.286111 0.0718333
0 0.764 0.383167 0.125333 0.170833
0 0.763 0.27675 0.0662222 0.0595
0 0.0897222 0.338958 0.0938889 0.12075
0 0.904222 0.305583 0.190667 0.3735
0 0.154222 0.405917 0.223333 0.305833
41 0.540833 0.617375 0.0665556 0.05625
56 0.851222 0.506083 0.238 0.175333
0 0.388111 0.490708 0.717111 0.689417
60 0.500056 0.768042 0.993 0.461083
41 0.860278 0.599667 0.101667 0.1555
