75 0.549111 0.0223333 0.0464444 0.0438333
58 0.796167 0.0135417 0.0427778 0.02675
58 0.03 0.287708 0.06 0.0689167
75 0.0708889 0.139708 0.0384444 0.03975
58 0.017 0.227083 0.034 0.0513333
75 0.708 0.0920833 0.0497778 0.0533333
58 0.00927778 0.105542 0.0183333 0.0624167
58 0.354222 0.0354583 0.0657778 0.0709167
75 0.415389 0.173375 0.045 0.0470833
58 0.648 0.0493333 0.0804444 0.0975
75 0.870833 0.0894167 0.0554444 0.054
58 0.422556 0.318958 0.0742222 0.100583
75 0.363556 0.0445833 0.0444444 0.052
58 0.155333 0.150958 0.0595556 0.06625
75 0.267389 0.0637917 0.0401111 0.0459167
58 0.507278 0.270542 0.0725556 0.0994167
58 0.345944 0.293833 0.0652222 0.089
58 0.477778 0.19775 0.0635556 0.0851667
58 0.867611 0.0712083 0.0778889 0.09025
58 0.393111 0.23725 0.0995556 0.0938333
58 0.115056 0.24175 0.0552222 0.057
58 0.549389 0.108167 0.0812222 0.0935
58 0.702833 0.0653333 0.085 0.1075
58 0.455444 0.053625 0.124667 0.104083
58 0.0669444 0.125375 0.0754444 0.06525
58 0.960611 0.156292 0.0776667 0.10975
0 0.714722 0.847083 0.119889 0.2295
0 0.651278 0.839958 0.091 0.263417
13 0.718833 0.837833 0.562333 0.2035
58 0.537056 0.359542 0.154556 0.08625
0 0.528111 0.834042 0.197333 0.261417
0 0.850056 0.837042 0.171444 0.239583
