0 0.414208 0.269778 0.0305833 0.107778
0 0.743708 0.265 0.05775 0.0693333
0 0.855083 0.64 0.247333 0.366
0 0.350542 0.675444 0.27225 0.642222
0 0.960208 0.242778 0.0280833 0.0506667
0 0.419917 0.270833 0.019 0.105222
0 0.389708 0.246167 0.0344167 0.149222
0 0.0749583 0.293556 0.149917 0.140444
0 0.8825 0.310667 0.0868333 0.232222
25 0.842958 0.106389 0.311083 0.211667
0 0.19725 0.234278 0.0366667 0.148778
0 0.818167 0.652833 0.3155 0.692556
0 0.200833 0.674778 0.4005 0.648444
0 0.573083 0.564944 0.265 0.590333
