25 0.77924 0.575521 0.145468 0.0753838
25 0.149123 0.578673 0.160088 0.0910088
25 0.58114 0.467928 0.164474 0.0964912
25 0.461257 0.581414 0.145468 0.0762061
25 0.769554 0.50466 0.162646 0.089364
25 0.770285 0.413651 0.179459 0.10307
25 0.67617 0.0204221 0.187135 0.0408443
25 0.408991 0.508498 0.155702 0.0882675
25 0.189327 0.459567 0.189327 0.1017
25 0.0990497 0.355126 0.198099 0.114309
25 0.0434942 0.209978 0.0862573 0.147478
25 0.345029 0.419134 0.188596 0.101974
0 0.487025 0.811678 0.514985 0.375548
25 0.548063 0.362664 0.196272 0.114583
25 0.747259 0.301672 0.205044 0.135691
25 0.277412 0.291118 0.224415 0.131031
25 0.415753 0.069216 0.292763 0.137884
25 0.747442 0.133087 0.250731 0.194353
25 0.482639 0.224644 0.23867 0.168586
25 0.16557 0.105811 0.288012 0.210526
