0 0.0663377 0.274488 0.0751096 0.0811404
56 0.0841557 0.383772 0.0762061 0.13962
0 0.90159 0.377193 0.0460526 0.0877193
0 0.854167 0.374269 0.0372807 0.0716374
0 0.0237116 0.26864 0.0463268 0.0709064
0 0.138158 0.341009 0.060307 0.196637
56 0.900905 0.486659 0.0819627 0.128289
1 0.722725 0.93549 0.233827 0.127558
56 0.785636 0.427997 0.0520833 0.0913743
56 0.957511 0.520102 0.0844298 0.163012
0 0.270285 0.324561 0.0789474 0.149854
56 0.0256305 0.428545 0.0507127 0.205044
56 0.852796 0.469115 0.0619518 0.128289
0 0.248355 0.342836 0.129386 0.202485
60 0.241913 0.501279 0.199287 0.0858918
56 0.186815 0.725512 0.2108 0.393275
25 0.0611294 0.115132 0.121711 0.0986842
0 0.325932 0.586623 0.529057 0.82383
0 0.725055 0.609832 0.544956 0.777412
