0 0.0827851 0.416179 0.03125 0.0633528
0 0.864857 0.494152 0.0180921 0.0487329
0 0.0413925 0.412281 0.0301535 0.0779727
0 0.197094 0.430312 0.0663377 0.103314
56 0.218613 0.559942 0.0709978 0.155945
0 0.0193257 0.435429 0.0386513 0.117446
0 0.982867 0.533869 0.0337171 0.0969786
0 0.271382 0.483674 0.0526316 0.170078
56 0.0626371 0.658869 0.124726 0.2846
0 0.378564 0.478314 0.0542763 0.184698
0 0.326617 0.465156 0.0847039 0.216862
1 0.771382 0.920322 0.229167 0.154483
0 0.369655 0.597222 0.450384 0.778265
0 0.719572 0.539717 0.559211 0.8923
