58 0.469625 0.281889 0.0380833 0.111333
60 0.502833 0.745278 0.994333 0.506111
56 0.474042 0.466 0.09375 0.150889
43 0.530083 0.902556 0.0956667 0.161778
40 0.368875 0.300667 0.0214167 0.0675556
60 0.449625 0.407222 0.23225 0.216444
55 0.494333 0.626889 0.158833 0.131333
44 0.04225 0.781778 0.0411667 0.0766667
45 0.118167 0.768944 0.1185 0.173222
44 0.109583 0.6955 0.0455 0.150778
42 0.392958 0.922667 0.17975 0.153556
0 0.309917 0.3165 0.230333 0.423444
0 0.753458 0.459667 0.492583 0.707778
41 0.230333 0.600167 0.105167 0.220556
0 0.112417 0.307667 0.223833 0.509111
41 0.34575 0.676222 0.118667 0.276889
