25 0.589181 0.638158 0.142544 0.0734649
25 0.0577485 0.565241 0.114766 0.0888158
25 0.758955 0.678728 0.146564 0.0778509
25 0.750365 0.606497 0.162281 0.0885417
25 0.374452 0.00932018 0.148026 0.0186404
25 0.565607 0.555373 0.164108 0.0877193
25 0.120797 0.642133 0.163377 0.0819627
25 0.75402 0.515488 0.174708 0.0973136
25 0.390899 0.5858 0.152412 0.0805921
25 0.0994152 0.423383 0.19883 0.112664
25 0.540753 0.454907 0.191155 0.112664
25 0.17818 0.52892 0.183845 0.100055
25 0.337537 0.497259 0.185307 0.0986842
25 0.0564693 0.278783 0.112208 0.144189
25 0.737573 0.408717 0.198099 0.122259
0 0.434576 0.809896 0.399123 0.37966
25 0.91758 0.0523575 0.163377 0.103618
25 0.290387 0.374178 0.210892 0.124452
25 0.100329 0.0549616 0.199196 0.108827
25 0.746711 0.257401 0.234649 0.168311
25 0.490314 0.325247 0.22405 0.1483
25 0.708882 0.0860746 0.28326 0.171601
25 0.203765 0.199698 0.262792 0.187226
25 0.446455 0.135554 0.270102 0.215186
