56 0.0936129 0.781615 0.186129 0.435307
26 0.378838 0.316338 0.0696272 0.114401
39 0.820998 0.0836988 0.0158991 0.0767544
56 0.896519 0.249086 0.130208 0.252558
56 0.95148 0.293129 0.0964912 0.260965
0 0.679139 0.133772 0.082511 0.266813
0 0.91187 0.124635 0.164748 0.248538
0 0.551809 0.40424 0.320175 0.383041
0 0.520011 0.0917398 0.0575658 0.18348
0 0.758772 0.426535 0.26261 0.363304
0 0.497122 0.218385 0.0885417 0.227705
40 0.49068 0.577485 0.0504386 0.152778
0 0.863761 0.705227 0.269737 0.586623
40 0.580729 0.51864 0.0463268 0.151316
0 0.40063 0.283626 0.191612 0.263158
39 0.501234 0.731542 0.0507127 0.155336
40 0.718887 0.56451 0.0540022 0.167032
40 0.657758 0.658443 0.0583882 0.189693
60 0.603207 0.740497 0.444901 0.510965
0 0.271107 0.681104 0.349781 0.63633
