25 0.805921 0.700521 0.115497 0.0951206
25 0.733735 0.596765 0.172149 0.104167
25 0.934393 0.673246 0.129751 0.09375
25 0.633772 0.0222039 0.184942 0.0444079
25 0.154057 0.685444 0.150219 0.106086
25 0.897478 0.570038 0.164839 0.102796
25 0.0650585 0.429276 0.129386 0.157346
25 0.584064 0.49301 0.158626 0.113761
25 0.930556 0.434896 0.137427 0.132401
25 0.0449561 0.591283 0.0891813 0.128289
0 0.356177 0.727659 0.707968 0.540844
25 0.770468 0.468202 0.182018 0.123904
25 0.0648757 0.255757 0.12902 0.1875
25 0.127924 0.0640077 0.255848 0.127467
25 0.393092 0.042352 0.245249 0.0836075
25 0.175439 0.560992 0.206871 0.132401
25 0.880848 0.29057 0.201754 0.162829
25 0.233004 0.395422 0.218202 0.156524
25 0.453399 0.363487 0.218933 0.163377
25 0.926352 0.0955318 0.146564 0.190515
25 0.668494 0.326343 0.20614 0.157072
25 0.24068 0.216831 0.24598 0.194627
25 0.482456 0.176672 0.244152 0.202577
25 0.729715 0.134731 0.202851 0.200384
