0 0.967188 0.756597 0.034375 0.0506944
0 0.900868 0.732639 0.0184028 0.0298611
0 0.0322917 0.267188 0.0319444 0.0614583
0 0.481424 0.288194 0.0211806 0.0402778
0 0.960243 0.734028 0.0190972 0.0472222
0 0.520312 0.242188 0.0253472 0.0614583
0 0.520833 0.728299 0.0256944 0.0670139
77 0.659722 0.652257 0.0881944 0.0809028
0 0.592014 0.721701 0.0368056 0.0635417
0 0.0982639 0.266493 0.0347222 0.0670139
0 0.590972 0.240799 0.0402778 0.0635417
0 0.567014 0.723958 0.0569444 0.0715278
0 0.0644097 0.261458 0.0510417 0.0756944
0 0.56441 0.239063 0.0496528 0.0663194
1 0.828299 0.433854 0.152431 0.104514
1 0.346701 0.444965 0.152431 0.0927083
1 0.838368 0.918056 0.157986 0.106944
0 0.132292 0.780208 0.233333 0.4
0 0.630208 0.815451 0.245139 0.330903
0 0.125521 0.327257 0.219097 0.321181
0 0.619792 0.314757 0.225 0.345486
0 0.308681 0.771875 0.367361 0.418056
0 0.312674 0.308507 0.359375 0.359375
0 0.799132 0.300694 0.370486 0.373611
0 0.8 0.784375 0.368056 0.390278
