58 0.567611 0.084125 0.0814444 0.0944167
75 0.431722 0.149958 0.045 0.04625
75 0.473611 0.0545417 0.0461111 0.0525833
58 0.021 0.199458 0.0417778 0.0659167
75 0.282167 0.037625 0.0401111 0.0474167
58 0.0129444 0.0762917 0.0258889 0.0639167
75 0.729556 0.06725 0.0495556 0.0526667
75 0.650444 0.04575 0.0453333 0.0531667
58 0.524056 0.24875 0.0743333 0.0963333
75 0.896111 0.0658333 0.0553333 0.0556667
75 0.562389 0.104792 0.0483333 0.05175
58 0.718056 0.0469167 0.0985556 0.0935
58 0.445444 0.304 0.0582222 0.0825
58 0.168778 0.126458 0.0604444 0.06775
58 0.494167 0.173583 0.063 0.0878333
58 0.894389 0.0470417 0.0778889 0.0930833
58 0.126722 0.218458 0.0587778 0.05775
58 0.409222 0.220792 0.0924444 0.0875833
58 0.458278 0.0404167 0.109444 0.0805
58 0.3605 0.274167 0.0614444 0.084
0 0.730167 0.817667 0.107 0.221
13 0.723667 0.801042 0.552667 0.171417
58 0.0756667 0.09925 0.0746667 0.0633333
58 0.549444 0.338792 0.148889 0.0870833
0 0.659167 0.814083 0.0867778 0.253
0 0.540333 0.804875 0.194889 0.24625
0 0.857556 0.808667 0.166889 0.234167
