75 0.912889 0.0734167 0.0526667 0.0538333
75 0.754278 0.0904167 0.0481111 0.0516667
58 0.0970556 0.158917 0.0494444 0.0628333
58 0.131889 0.322792 0.0686667 0.0619167
75 0.169167 0.188792 0.0341111 0.0334167
58 0.467222 0.245417 0.0917778 0.0883333
58 0.738611 0.0612917 0.0961111 0.110417
58 0.543111 0.203167 0.0606667 0.0783333
58 0.425167 0.300667 0.0605556 0.0845
58 0.907944 0.0567083 0.077 0.0869167
58 0.417167 0.0584583 0.0694444 0.08175
58 0.212889 0.277833 0.0504444 0.05
58 0.605056 0.117167 0.0765556 0.088
58 0.164278 0.177 0.063 0.0541667
75 0.598056 0.0344167 0.0418889 0.0496667
58 0.515222 0.0760417 0.111778 0.09825
58 0.0387222 0.316542 0.0732222 0.05675
58 0.2475 0.193583 0.0458889 0.0596667
58 0.576 0.266208 0.0682222 0.09575
58 0.610667 0.349083 0.135778 0.0841667
58 0.507333 0.325333 0.0553333 0.078
13 0.7805 0.798167 0.435667 0.183667
0 0.784889 0.792625 0.140889 0.24525
0 0.657111 0.79775 0.143556 0.222833
