56 0.0630482 0.657712 0.125548 0.207968
0 0.98273 0.569993 0.0339912 0.0778509
0 0.271107 0.527412 0.0537281 0.121345
0 0.0413925 0.476425 0.0301535 0.059576
0 0.082648 0.479167 0.0309759 0.0489766
56 0.218202 0.59174 0.0751096 0.125
0 0.0187774 0.492142 0.0375548 0.0888158
0 0.198054 0.490132 0.0644189 0.0774854
0 0.378838 0.524854 0.0548246 0.137427
0 0.327303 0.515168 0.0866228 0.161915
1 0.772067 0.89894 0.240954 0.201389
0 0.357319 0.663377 0.473958 0.669591
0 0.717105 0.616959 0.563048 0.760234
