60 0.171327 0.420322 0.128838 0.0570175
25 0.0298794 0.0546418 0.0592105 0.0500731
0 0.0905976 0.263523 0.0677083 0.200292
56 0.884594 0.35636 0.0487939 0.0884503
56 0.467379 0.50402 0.128289 0.0782164
56 0.947505 0.375731 0.0605811 0.105994
25 0.936404 0.128289 0.126096 0.0752924
0 0.0187774 0.20742 0.0370066 0.065424
0 0.172423 0.261148 0.0833333 0.208699
0 0.075932 0.175987 0.0471491 0.128289
0 0.876371 0.263889 0.0586623 0.0913743
1 0.813322 0.808845 0.240132 0.212719
0 0.269463 0.498721 0.538925 0.997442
0 0.740817 0.519737 0.516173 0.955409
