0 0.471542 0.632944 0.0509167 0.114333
0 0.356375 0.643278 0.0454167 0.0901111
0 0.805583 0.696 0.0656667 0.147333
56 0.096125 0.751389 0.0670833 0.123444
25 0.606792 0.454056 0.421417 0.108556
0 0.738417 0.740222 0.0863333 0.223556
0 0.827542 0.637778 0.02975 0.0811111
0 0.686333 0.64 0.0558333 0.08
0 0.161833 0.636611 0.0665 0.101222
56 0.132417 0.683056 0.041 0.087
56 0.5275 0.692444 0.0421667 0.11
25 0.616917 0.417 0.0893333 0.606889
25 0.0526667 0.430611 0.104833 0.573
56 0.812583 0.780889 0.0736667 0.158889
56 0.170958 0.701 0.05575 0.102
56 0.490042 0.743611 0.0660833 0.144111
0 0.779792 0.656722 0.04375 0.099
56 0.410875 0.780778 0.103917 0.184222
56 0.737292 0.805833 0.0874167 0.167667
56 0.632792 0.852667 0.124417 0.275333
0 0.372792 0.740667 0.09675 0.19
0 0.926917 0.628444 0.0405 0.164667
56 0.307583 0.738889 0.0831667 0.147111
0 0.970708 0.631667 0.05525 0.188444
