60 0.333542 0.390611 0.0899167 0.131667
60 0.130458 0.514111 0.128917 0.209111
56 0.287625 0.296667 0.03775 0.0513333
39 0.928458 0.637889 0.09225 0.269111
56 0.101125 0.346167 0.0730833 0.103667
41 0.818083 0.679167 0.0628333 0.122556
60 0.500792 0.806333 0.993583 0.383556
41 0.760167 0.951444 0.101333 0.0957778
41 0.01625 0.702389 0.0323333 0.141222
7 0.843208 0.232222 0.309583 0.179556
41 0.746458 0.775556 0.0780833 0.162222
0 0.021 0.585167 0.0416667 0.192111
56 0.039375 0.349778 0.0679167 0.102
56 0.413167 0.384056 0.0768333 0.146778
55 0.454125 0.795278 0.215417 0.192778
41 0.764042 0.841111 0.0800833 0.144444
0 0.265958 0.5005 0.411917 0.406111
41 0.145625 0.692389 0.0704167 0.112778
0 0.581042 0.360222 0.29375 0.652222
41 0.11475 0.889944 0.0936667 0.155889
