75 0.533 0.0479167 0.0486667 0.0575
58 0.5395 0.0384583 0.0816667 0.07625
58 0.965611 0.0955833 0.0676667 0.108
58 0.487556 0.2065 0.0697778 0.0948333
58 0.374889 0.166375 0.106444 0.103083
58 0.031 0.0409583 0.0613333 0.07025
58 0.1175 0.069375 0.0558889 0.07175
58 0.317389 0.225458 0.0672222 0.0929167
58 0.0735 0.168208 0.0652222 0.0654167
58 0.460056 0.1205 0.0656667 0.0936667
58 0.407167 0.261833 0.0596667 0.0876667
0 0.689722 0.78975 0.115222 0.222
58 0.513778 0.299083 0.152889 0.0905
0 0.626167 0.789583 0.095 0.2515
13 0.705111 0.789708 0.589778 0.20875
0 0.501944 0.782542 0.194333 0.256417
0 0.822778 0.78225 0.166222 0.233833
