0 0.82975 0.388889 0.0085 0.0264444
25 0.0307083 0.388889 0.0614167 0.0273333
0 0.876958 0.410056 0.0145833 0.0467778
56 0.73975 0.4245 0.0245 0.0374444
56 0.703625 0.445722 0.04175 0.0503333
0 0.384333 0.442056 0.123333 0.473667
0 0.894583 0.470833 0.0541667 0.0801111
0 0.215458 0.457944 0.0385833 0.0634444
0 0.842833 0.479222 0.0763333 0.062
56 0.04525 0.461833 0.0456667 0.0603333
56 0.0345833 0.601056 0.069 0.194333
25 0.110417 0.373833 0.220833 0.238778
56 0.118917 0.609889 0.145833 0.166667
0 0.479167 0.498222 0.141167 0.507111
0 0.132458 0.525444 0.14875 0.194444
0 0.568792 0.510556 0.13925 0.520444
0 0.331792 0.532833 0.181917 0.604111
