0 0.711042 0.727722 0.185083 0.540556
25 0.823833 0.445222 0.352333 0.601556
25 0.824042 0.277278 0.350417 0.262333
0 0.09475 0.337833 0.0553333 0.0512222
0 0.760083 0.419389 0.114833 0.0741111
56 0.132792 0.450222 0.106917 0.116667
0 0.156208 0.342833 0.0304167 0.0925556
0 0.354042 0.745944 0.16275 0.501
0 0.195375 0.341889 0.0335833 0.0982222
0 0.13775 0.423389 0.201833 0.143444
0 0.411292 0.368222 0.0299167 0.0902222
0 0.625875 0.365556 0.02675 0.0606667
0 0.852083 0.468611 0.0673333 0.139
0 0.442333 0.349111 0.0336667 0.137556
0 0.227042 0.761444 0.31525 0.475333
0 0.542792 0.658167 0.230583 0.456556
