0 0.766556 0.262458 0.0268889 0.0415833
0 0.0372778 0.324833 0.0745556 0.0426667
0 0.602778 0.261417 0.046 0.067
0 0.808389 0.478958 0.230333 0.208417
0 0.4195 0.312083 0.0425556 0.0321667
0 0.669056 0.278625 0.051 0.12225
0 0.711389 0.280958 0.0514444 0.12075
0 0.364389 0.436792 0.209 0.23825
0 0.3535 0.271917 0.0454444 0.1095
25 0.843333 0.164542 0.311556 0.155083
0 0.569611 0.432 0.256111 0.304667
0 0.941167 0.312417 0.115889 0.156
0 0.826778 0.526375 0.344889 0.471083
0 0.367667 0.652792 0.725778 0.693917
