40 0.385417 0.574278 0.023 0.100333
39 0.982625 0.902111 0.0339167 0.195778
40 0.983833 0.945889 0.0315 0.107556
0 0.254833 0.705889 0.123167 0.463778
40 0.496542 0.618056 0.0214167 0.0885556
39 0.885917 0.789889 0.0276667 0.117778
39 0.803458 0.7595 0.0244167 0.111889
40 0.229917 0.622167 0.0226667 0.0961111
40 0.624542 0.592056 0.0230833 0.0947778
60 0.86175 0.879722 0.275 0.238333
0 0.45575 0.677167 0.0963333 0.484778
0 0.359625 0.683333 0.128583 0.509111
56 0.726 0.865389 0.0726667 0.267222
0 0.50725 0.755333 0.121333 0.485778
0 0.621875 0.728444 0.136417 0.541333
