40 0.857375 0.941667 0.05475 0.114444
39 0.810625 0.905833 0.04025 0.182778
56 0.783125 0.811389 0.15975 0.226111
56 0.904625 0.814444 0.13825 0.362222
40 0.908625 0.918333 0.05225 0.161111
39 0.7655 0.868333 0.0215 0.106667
0 0.374875 0.692778 0.14725 0.613333
0 0.53775 0.487222 0.1815 0.67
0 0.392625 0.3525 0.11925 0.491667
0 0.919 0.650278 0.1595 0.470556
39 0.739625 0.886389 0.03575 0.223889
39 0.65325 0.901389 0.0325 0.193889
0 0.174375 0.468889 0.28125 0.748889
0 0.209875 0.665 0.29975 0.667778
0 0.5635 0.598333 0.291 0.795556
