42 0.342379 0.677632 0.0674342 0.0467836
40 0.226288 0.604898 0.0507127 0.141082
40 0.258635 0.777047 0.0874452 0.125731
39 0.21313 0.561404 0.0430373 0.187135
40 0.243832 0.896199 0.106634 0.20614
40 0.122396 0.900037 0.11705 0.191886
43 0.0169956 0.917215 0.0339912 0.115863
41 0.158169 0.631031 0.0504386 0.0932018
0 0.0444079 0.476608 0.0877193 0.413743
0 0.43284 0.601425 0.231908 0.560307
42 0.0482456 0.875365 0.0301535 0.136696
60 0.246573 0.81451 0.490954 0.368787
0 0.803591 0.661367 0.390625 0.671418
0 0.941201 0.52723 0.116502 0.191886
0 0.607867 0.669225 0.269463 0.660088
