40 0.494958 0.525111 0.01875 0.0842222
60 0.882042 0.8515 0.23475 0.289667
40 0.889542 0.752 0.0274167 0.0973333
40 0.269792 0.577833 0.0230833 0.0914444
40 0.528375 0.566778 0.0219167 0.0842222
39 0.922083 0.824444 0.0443333 0.168222
40 0.6545 0.533556 0.03 0.0968889
41 0.970875 0.916556 0.0420833 0.0908889
39 0.94125 0.738056 0.0293333 0.131222
39 0.851125 0.713167 0.02625 0.135
0 0.39275 0.629667 0.127833 0.482667
0 0.301208 0.6575 0.12525 0.437667
0 0.545375 0.719444 0.132083 0.505333
56 0.768667 0.838722 0.0856667 0.322556
0 0.48975 0.629167 0.0986667 0.473444
0 0.658292 0.702 0.132083 0.595778
