0 0.155125 0.301389 0.05525 0.169444
41 0.518125 0.699167 0.02425 0.0772222
25 0.368125 0.100833 0.08425 0.0772222
39 0.47525 0.920833 0.0185 0.157222
60 0.44675 0.593889 0.136 0.208889
0 0.031625 0.363056 0.06325 0.286111
41 0.4145 0.568056 0.0335 0.110556
41 0.560625 0.767222 0.03175 0.0988889
0 0.51 0.488611 0.0915 0.402778
39 0.48225 0.693611 0.0245 0.169444
56 0.18475 0.405 0.0375 0.17
0 0.110625 0.333333 0.06875 0.218889
25 0.435625 0.254167 0.10025 0.508333
56 0.0165 0.535 0.033 0.245556
0 0.568875 0.547778 0.10225 0.455556
0 0.30175 0.384722 0.1835 0.458333
60 0.491375 0.840278 0.33325 0.317222
41 0.610125 0.931111 0.04475 0.12
41 0.386 0.924722 0.044 0.117222
39 0.521 0.904444 0.046 0.188889
0 0.12725 0.711944 0.235 0.573889
0 0.3005 0.656389 0.253 0.685
0 0.683125 0.674722 0.19225 0.648333
0 0.853375 0.695833 0.29175 0.607222
