56 0.846944 0.53475 0.0816667 0.0675
56 0.263889 0.722375 0.182222 0.09025
60 0.843056 0.606125 0.313889 0.02475
56 0.0241667 0.749625 0.0483333 0.02775
56 0.186944 0.9285 0.372778 0.142
56 0.690833 0.633125 0.207222 0.05275
60 0.593889 0.6745 0.545556 0.0395
0 0.4725 0.464625 0.0616667 0.06425
56 0.494722 0.649125 0.210556 0.02775
0 0.580833 0.455375 0.0783333 0.10075
0 0.06 0.497375 0.0722222 0.08225
56 0.967222 0.540625 0.0644444 0.06925
60 0.210556 0.797875 0.418889 0.08275
0 0.7775 0.50475 0.125 0.1605
56 0.773611 0.813375 0.423889 0.25125
