56 0.013375 0.554722 0.02675 0.253889
0 0.0295 0.371944 0.059 0.303889
39 0.47425 0.9275 0.018 0.145
56 0.205625 0.374444 0.03925 0.132222
41 0.410125 0.582222 0.03525 0.111111
41 0.515125 0.7125 0.02525 0.095
25 0.43275 0.3525 0.1005 0.703889
56 0.180625 0.417778 0.03825 0.168889
0 0.501125 0.500833 0.08625 0.398333
0 0.104375 0.348611 0.07025 0.212778
0 0.576625 0.556667 0.12325 0.462222
41 0.383875 0.938333 0.04475 0.116667
0 0.296125 0.390556 0.18725 0.447778
45 0.462875 0.781111 0.03575 0.0622222
41 0.5595 0.780278 0.0315 0.113889
41 0.609625 0.935278 0.04525 0.117222
39 0.5205 0.907778 0.0465 0.182222
60 0.49075 0.844722 0.3325 0.308333
0 0.128125 0.721944 0.24975 0.553889
0 0.29675 0.661667 0.2585 0.675556
0 0.6825 0.669722 0.1925 0.657222
0 0.854625 0.694444 0.28925 0.61
