40 0.514375 0.411667 0.02025 0.0853333
40 0.564958 0.439722 0.0255833 0.0916667
40 0.703167 0.330722 0.0251667 0.113667
40 0.438667 0.350667 0.0226667 0.0964444
40 0.28125 0.364556 0.0246667 0.100222
39 0.917917 0.559889 0.0308333 0.136
0 0.297125 0.490778 0.119083 0.488889
56 0.85125 0.749833 0.152667 0.499222
0 0.510167 0.489444 0.105833 0.486889
57 0.270083 0.803611 0.537 0.391222
0 0.574083 0.596944 0.115167 0.549667
0 0.700583 0.598056 0.160833 0.701444
0 0.408208 0.482556 0.13875 0.506889
