0 0.469435 0.281615 0.051261 0.120249
43 0.673931 0.953034 0.0402961 0.0932018
0 0.9571 0.450475 0.0830592 0.127558
41 0.616365 0.86769 0.0622259 0.152047
41 0.601562 0.723867 0.0452303 0.101243
0 0.462034 0.372442 0.258498 0.337719
39 0.897615 0.732456 0.104441 0.106725
60 0.642681 0.779605 0.454221 0.438596
0 0.363761 0.315972 0.0701754 0.282529
40 0.560444 0.558662 0.0315241 0.0836988
0 0.905565 0.435124 0.0896382 0.14364
0 0.259594 0.245797 0.160088 0.340278
0 0.665296 0.535819 0.173246 0.300439
0 0.105674 0.477522 0.2108 0.42288
0 0.797971 0.614583 0.23136 0.391447
0 0.219984 0.690424 0.437226 0.615497
