0 0.343625 0.723667 0.03275 0.184
26 0.868375 0.781167 0.02875 0.118333
0 0.31725 0.725667 0.0375 0.174667
0 0.761625 0.700333 0.04325 0.165333
0 0.792375 0.6895 0.03625 0.167667
26 0.8495 0.792333 0.05 0.14
0 0.464375 0.797333 0.05925 0.3
0 0.297875 0.8005 0.04125 0.184333
0 0.025125 0.721 0.05025 0.122
0 0.4155 0.830667 0.102 0.338667
0 0.684875 0.767 0.07825 0.270667
0 0.9235 0.793167 0.0695 0.303
0 0.852125 0.825833 0.08825 0.321667
0 0.075875 0.806167 0.05125 0.185
0 0.56975 0.836833 0.0905 0.325
0 0.228 0.787 0.0645 0.245333
0 0.039 0.885167 0.0775 0.227667
