26 0.46375 0.864 0.0595 0.094
0 0.5265 0.793167 0.0525 0.188333
0 0.570375 0.868 0.05825 0.263333
26 0.28 0.8445 0.032 0.124333
0 0.362875 0.829 0.05975 0.281333
0 0.05975 0.929 0.1185 0.141333
0 0.95925 0.853167 0.0805 0.293
0 0.770625 0.825667 0.08225 0.298667
26 0.843875 0.849833 0.06525 0.135
0 0.41375 0.8455 0.0725 0.307667
0 0.041875 0.822833 0.08325 0.279667
0 0.632875 0.862667 0.11875 0.273333
0 0.85775 0.858667 0.088 0.281333
0 0.244125 0.860167 0.10175 0.278333
0 0.493125 0.865167 0.12325 0.268333
0 0.15475 0.856667 0.106 0.286
