0 0.992188 0.427266 0.0145285 0.0687134
25 0.0570175 0.237208 0.114035 0.0709064
67 0.691475 0.749269 0.0611294 0.0899123
45 0.907758 0.96144 0.139529 0.0756579
0 0.652549 0.527047 0.0556469 0.193713
67 0.465872 0.708333 0.0381031 0.0372807
41 0.50795 0.914108 0.117325 0.170322
75 0.467379 0.628107 0.0570175 0.123173
40 0.576069 0.692434 0.0375548 0.0983187
41 0.603755 0.760234 0.0496162 0.0818713
0 0.7071 0.541667 0.0375548 0.160088
40 0.522204 0.766813 0.0487939 0.137427
40 0.748629 0.813779 0.060307 0.162646
60 0.695861 0.844298 0.591831 0.309211
0 0.779057 0.632493 0.207785 0.402412
0 0.0748355 0.664474 0.148026 0.667398
41 0.61006 0.85837 0.0671601 0.124635
41 0.712582 0.927266 0.0879934 0.144006
0 0.22437 0.724232 0.424616 0.549342
0 0.373629 0.699013 0.234101 0.471126
0 0.840049 0.692434 0.319353 0.531067
25 0.871573 0.132675 0.25466 0.263158
