39 0.536042 0.540278 0.03525 0.125444
56 0.820458 0.496889 0.0355833 0.225333
65 0.422292 0.568389 0.0575833 0.0245556
40 0.792625 0.198389 0.02675 0.111444
39 0.959625 0.443667 0.0349167 0.125556
39 0.974917 0.500944 0.0491667 0.199889
0 0.593125 0.397833 0.0885833 0.527444
56 0.952417 0.755889 0.0941667 0.484444
0 0.411083 0.355056 0.1145 0.403889
0 0.502708 0.345722 0.101583 0.441222
0 0.638667 0.454 0.120333 0.505111
0 0.761833 0.453444 0.179333 0.638444
57 0.263917 0.720056 0.524333 0.557667
