0 0.61625 0.596944 0.0345 0.109444
0 0.347125 0.586389 0.04875 0.107222
0 0.407125 0.594444 0.04175 0.102222
60 0.361375 0.824167 0.09325 0.269444
0 0.26175 0.611944 0.0695 0.146111
60 0.403375 0.738056 0.06975 0.189444
56 0.832375 0.771389 0.03575 0.0827778
0 0.209375 0.627222 0.04975 0.162222
56 0.1465 0.678889 0.0985 0.154444
56 0.037625 0.835278 0.07475 0.225
39 0.73275 0.913333 0.027 0.165556
0 0.676 0.613056 0.053 0.167222
0 0.47975 0.658333 0.0785 0.433333
0 0.726875 0.736667 0.16575 0.417778
0 0.873375 0.754722 0.25225 0.487222
