26 0.868375 0.7815 0.02925 0.118333
0 0.343625 0.724 0.03275 0.184667
0 0.317625 0.725333 0.03625 0.174667
0 0.761625 0.700167 0.04375 0.165667
0 0.7925 0.6895 0.0355 0.167667
26 0.850125 0.792667 0.05025 0.14
0 0.296875 0.800333 0.04325 0.186
0 0.463375 0.797167 0.05875 0.300333
0 0.02475 0.721333 0.0495 0.122667
0 0.923375 0.7935 0.07075 0.303
0 0.684625 0.767167 0.07775 0.270333
0 0.414875 0.829833 0.10425 0.339667
0 0.852125 0.826 0.08825 0.322667
0 0.076125 0.805833 0.05025 0.183
0 0.56975 0.837 0.091 0.324667
0 0.227875 0.788 0.06425 0.246
0 0.03875 0.885833 0.0765 0.226333
