39 0.489292 0.886333 0.0405833 0.138667
39 0.959958 0.898722 0.0454167 0.149889
60 0.894708 0.879833 0.20875 0.238556
40 0.289208 0.576389 0.02225 0.0916667
40 0.55225 0.587778 0.0221667 0.0902222
39 0.876375 0.764889 0.0290833 0.127778
39 0.966042 0.798333 0.0379167 0.123556
56 0.787583 0.860944 0.0693333 0.276556
0 0.310583 0.654722 0.116833 0.457222
0 0.408667 0.6365 0.132 0.501
0 0.514333 0.641333 0.1065 0.486
40 0.688208 0.57 0.03025 0.102889
0 0.562625 0.735556 0.120417 0.506
0 0.682292 0.713833 0.15025 0.571
