57 0.0794167 0.677222 0.158 0.143111
60 0.880458 0.806167 0.238083 0.385
57 0.189542 0.845111 0.377583 0.308222
40 0.207292 0.393833 0.0219167 0.0827778
39 0.766208 0.563944 0.02325 0.115667
56 0.651917 0.623944 0.04 0.224778
56 0.795292 0.814056 0.12725 0.368778
41 0.822542 0.681056 0.0395833 0.0767778
40 0.479542 0.428389 0.0224167 0.0861111
0 0.438917 0.505167 0.085 0.450333
39 0.785958 0.599778 0.0394167 0.154667
39 0.917292 0.615278 0.0440833 0.178111
39 0.846708 0.584556 0.02925 0.135111
40 0.601417 0.354778 0.0308333 0.0993333
41 0.914 0.827556 0.0531667 0.0653333
0 0.245875 0.500889 0.11825 0.416444
0 0.34725 0.489444 0.105333 0.446
0 0.485708 0.596833 0.112917 0.503
40 0.854833 0.752444 0.05 0.195111
40 0.897625 0.662889 0.0399167 0.0991111
0 0.594542 0.596222 0.132583 0.614444
