39 0.472375 0.930556 0.01725 0.137778
25 0.1945 0.065 0.2855 0.13
41 0.513375 0.7225 0.02625 0.102778
25 0.429625 0.260278 0.10175 0.519444
56 0.20325 0.392778 0.0375 0.128889
39 0.478875 0.709444 0.02525 0.164444
0 0.027125 0.400278 0.05425 0.279444
56 0.17825 0.436389 0.039 0.169444
0 0.098375 0.3675 0.07325 0.219444
41 0.608375 0.936944 0.04525 0.110556
0 0.501375 0.511944 0.07975 0.405
41 0.3825 0.943611 0.044 0.105
41 0.55775 0.784722 0.0325 0.119444
0 0.574375 0.5575 0.12775 0.453889
0 0.294 0.408056 0.1825 0.458333
60 0.489625 0.846667 0.32975 0.304444
39 0.519125 0.913889 0.04725 0.17
0 0.122875 0.729722 0.24275 0.538333
0 0.679375 0.671111 0.18975 0.655556
0 0.289625 0.669167 0.26825 0.660556
0 0.853875 0.693889 0.29075 0.611111
