40 0.850667 0.847722 0.0256667 0.0778889
39 0.989875 0.923111 0.0194167 0.153778
40 0.629667 0.625667 0.0251667 0.0971111
60 0.864958 0.9045 0.26725 0.189667
39 0.898583 0.834167 0.0275 0.125222
40 0.385625 0.610222 0.02425 0.0964444
56 0.730083 0.885444 0.0718333 0.228222
40 0.226417 0.657778 0.0251667 0.0962222
39 0.813292 0.801611 0.0239167 0.117444
40 0.49625 0.659611 0.0225 0.091
0 0.357792 0.722278 0.126583 0.518111
0 0.457458 0.721167 0.0959167 0.498778
0 0.251292 0.748611 0.125917 0.480111
0 0.509 0.773278 0.122667 0.451444
0 0.626875 0.746111 0.135417 0.505556
