56 0.57975 0.483611 0.052 0.132778
56 0.90375 0.4525 0.104 0.331667
42 0.5465 0.768056 0.0645 0.0305556
40 0.44825 0.570278 0.0245 0.106111
0 0.51975 0.318889 0.0745 0.225556
0 0.703125 0.295278 0.07275 0.223889
56 0.487125 0.398056 0.03025 0.241667
40 0.374 0.771111 0.0385 0.161111
56 0.847875 0.895278 0.02525 0.208333
0 0.74875 0.6825 0.1955 0.631667
39 0.581 0.354167 0.0155 0.0938889
39 0.3375 0.829722 0.0345 0.293889
40 0.54675 0.599167 0.028 0.166111
0 0.562375 0.261389 0.04825 0.200556
0 0.921875 0.328889 0.09375 0.305556
0 0.964125 0.403889 0.07075 0.587778
40 0.417625 0.879722 0.04525 0.239444
0 0.334875 0.567778 0.20575 0.465556
40 0.365875 0.9 0.04725 0.197778
0 0.64025 0.659444 0.111 0.653333
39 0.312 0.892222 0.0485 0.213333
0 0.79125 0.278333 0.088 0.467778
60 0.379875 0.768889 0.49675 0.46
56 0.058 0.783611 0.116 0.431667
0 0.5415 0.485278 0.1445 0.233889
0 0.169625 0.658056 0.17175 0.679444
