41 0.905583 0.840056 0.0418333 0.0903333
39 0.924958 0.704333 0.03175 0.102444
40 0.511917 0.565944 0.02 0.0845556
56 0.714 0.773722 0.0525 0.243667
56 0.786042 0.846556 0.10575 0.305556
39 0.98925 0.713722 0.0208333 0.103
0 0.487083 0.653944 0.0865 0.449889
56 0.859 0.892056 0.115667 0.213889
39 0.834625 0.703111 0.02275 0.120889
39 0.860667 0.745611 0.0451667 0.169444
0 0.297542 0.656278 0.113583 0.423889
40 0.981958 0.821 0.0354167 0.116444
40 0.950333 0.906222 0.0461667 0.185333
0 0.396167 0.643833 0.103667 0.451667
0 0.534958 0.741722 0.128583 0.516111
0 0.647792 0.713278 0.131917 0.571667
