60 0.577125 0.364167 0.14075 0.327222
0 0.492625 0.209444 0.07025 0.22
0 0.790875 0.634444 0.33275 0.73
40 0.436 0.535833 0.033 0.142778
42 0.55675 0.746111 0.072 0.0488889
40 0.358125 0.793056 0.05025 0.228333
0 0.913625 0.233889 0.10275 0.382222
39 0.593 0.238333 0.014 0.106667
41 0.422625 0.899722 0.05775 0.198333
40 0.4985 0.556944 0.035 0.196111
56 0.8935 0.338056 0.1055 0.396111
0 0.680375 0.216111 0.10725 0.321111
56 0.560875 0.425278 0.07875 0.193889
0 0.52925 0.143611 0.04 0.193889
39 0.560875 0.255 0.01625 0.111111
39 0.283375 0.931111 0.06125 0.136667
0 0.51225 0.405 0.1735 0.252222
40 0.55 0.553333 0.032 0.196667
39 0.314625 0.853333 0.04475 0.287778
60 0.38475 0.742778 0.524 0.512222
0 0.95875 0.302222 0.0815 0.594444
0 0.6825 0.596111 0.132 0.803333
0 0.09975 0.621111 0.1985 0.755556
0 0.2955 0.539722 0.245 0.556111
