0 0.504797 0.274488 0.0550987 0.125731
0 0.276179 0.638341 0.354989 0.723319
0 0.082648 0.290022 0.0923794 0.153143
0 0.35074 0.817434 0.234375 0.36367
0 0.975466 0.391996 0.0479715 0.126827
60 0.0475603 0.492142 0.0940241 0.0946637
0 0.4179 0.511148 0.264529 0.449196
40 0.568942 0.538194 0.0309759 0.0836988
40 0.613898 0.548794 0.0337171 0.0749269
0 0.155428 0.692617 0.309211 0.611111
56 0.0228893 0.621162 0.0452303 0.178728
0 0.51494 0.349415 0.269463 0.363304
60 0.68517 0.753655 0.494792 0.489035
41 0.660636 0.764803 0.0570175 0.0946637
41 0.655154 0.874086 0.0767544 0.148026
0 0.262061 0.306469 0.0773026 0.155336
0 0.722314 0.505848 0.220395 0.318713
0 0.857182 0.708882 0.284539 0.580775
0 0.820587 0.595212 0.276042 0.402412
