56 0.455375 0.284167 0.03025 0.198333
40 0.345625 0.594167 0.03875 0.153889
40 0.436625 0.546389 0.03275 0.162778
40 0.421375 0.908056 0.05625 0.181667
42 0.558125 0.761667 0.07475 0.0444444
40 0.4995 0.550556 0.036 0.19
0 0.683375 0.221667 0.10725 0.33
41 0.42125 0.906389 0.056 0.179444
56 0.89775 0.357778 0.1065 0.302222
39 0.594625 0.2475 0.01475 0.102778
39 0.562125 0.260556 0.01675 0.114444
0 0.91725 0.216667 0.108 0.331111
39 0.283125 0.938611 0.06075 0.121667
0 0.50775 0.217222 0.0845 0.192222
40 0.357125 0.793333 0.04825 0.241111
56 0.560875 0.435556 0.08075 0.195556
40 0.550625 0.563611 0.03225 0.200556
0 0.821125 0.640833 0.28375 0.717222
60 0.389 0.740278 0.516 0.516111
0 0.512 0.418056 0.1765 0.263889
0 0.96025 0.304167 0.0785 0.600556
0 0.684375 0.601944 0.13175 0.791667
39 0.3135 0.8625 0.046 0.273889
0 0.296375 0.551111 0.24425 0.571111
0 0.10175 0.626111 0.2025 0.745556
