56 0.868611 0.234875 0.190556 0.03425
40 0.0572222 0.859375 0.113333 0.28025
60 0.308333 0.266125 0.0944444 0.05425
0 0.7725 0.211375 0.149444 0.08225
0 0.928333 0.188 0.138889 0.0795
60 0.0880556 0.33075 0.176111 0.119
0 0.128333 0.208125 0.0755556 0.05275
56 0.208333 0.268125 0.12 0.07725
0 0.205278 0.23975 0.141667 0.0965
56 0.0327778 0.343125 0.0644444 0.13675
56 0.956667 0.4175 0.0844444 0.298
40 0.92 0.844125 0.157778 0.31025
60 0.498889 0.778625 0.997778 0.43775
40 0.8375 0.762375 0.262778 0.38075
40 0.608889 0.83825 0.394444 0.322
40 0.23 0.83425 0.443333 0.3295
0 0.475556 0.39275 0.95 0.653
